frame_id: map
wp_0: [-120, -80, 40, -0.00576757530546, 0.0141011498719, 0.0163026961123, 0.999751026379]
wp_1: [50, -200, 40, -0.00576757530546, 0.0141011498719, 0.0163026961123, 0.999751026379]
wp_2: [-80, -140, 40, -0.00576757530546, 0.0141011498719, 0.0163026961123, 0.999751026379]
wp_3: [-80, 15, 40, -0.00576757530546, 0.0141011498719, 0.0163026961123, 0.999751026379]


