frame_id: map
wp_0: [-300, 100, 25, -0.00576757530546, 0.0141011498719, 0.0163026961123, 0.999751026379]
wp_1: [-325, 50, 25, -0.00492249962928, 0.0132349881264, 0.0172191369162, 0.999752021959]

